#Tile_Matrix
Total_Row	Total_Column	Total_Tile
23	32	397
#Tile_Matrix_Value
0	1	1	1	1	1	1	1	1	1	1	1	1	1	1	1	1	1	1	1	1	1	1	1	1	1	1	1	1	1	1	2	
0	1	1	1	1	3	4	5	6	1	1	1	1	1	1	1	1	1	1	1	1	1	1	7	8	9	10	1	1	1	1	2	
11	12	12	13	14	15	16	17	18	19	20	12	12	12	12	12	12	12	12	12	12	21	22	23	24	25	26	27	28	12	12	29	
30	31	32	33	34	35	36	36	36	37	38	39	40	41	31	31	31	31	31	31	42	43	44	45	46	47	48	49	50	51	31	52	
53	54	55	56	57	58	59	36	60	61	62	36	63	64	65	65	65	65	65	65	66	67	68	69	70	71	72	73	74	75	65	76	
77	78	79	80	81	82	83	84	85	86	87	88	89	90	91	91	91	91	91	91	91	91	91	91	91	91	92	93	94	95	91	96	
97	98	98	98	98	98	98	98	98	98	98	99	100	98	101	102	103	104	98	98	98	98	98	98	98	98	98	98	98	98	98	105	
106	107	107	107	107	107	107	107	107	107	107	107	107	108	109	110	111	112	113	114	107	107	107	107	107	107	107	107	107	107	107	115	
116	117	117	117	117	117	117	117	117	117	117	117	118	119	120	121	122	123	124	125	117	117	117	117	117	117	117	117	117	117	117	126	
127	128	128	128	128	128	128	128	128	128	128	128	128	128	128	128	128	128	128	128	128	128	128	128	128	128	128	128	128	128	128	129	
130	131	131	131	131	131	131	131	131	131	131	131	131	131	131	131	131	131	131	131	131	131	131	131	131	131	131	131	131	131	131	132	
133	134	134	134	134	134	134	134	134	134	134	135	136	137	138	139	140	141	134	134	134	134	134	134	134	134	134	134	134	134	134	142	
143	144	144	144	144	144	144	144	144	144	145	146	147	148	149	150	151	152	153	154	155	156	144	144	144	144	144	144	144	144	144	157	
158	159	159	159	159	159	159	159	160	161	162	163	164	165	165	165	166	167	168	169	170	171	172	159	159	159	159	159	159	159	159	173	
174	175	176	176	176	176	177	178	179	180	181	182	165	165	165	165	165	165	165	165	183	184	185	186	187	188	176	176	176	176	176	189	
190	191	192	193	194	195	196	197	198	199	165	165	165	165	165	165	165	200	201	202	165	165	203	204	205	206	207	208	209	210	211	212	
213	214	215	216	217	218	219	165	165	165	165	165	165	220	165	165	221	222	223	224	225	226	165	227	228	229	230	231	232	233	234	235	
236	237	238	239	240	241	242	243	165	165	165	244	245	246	247	248	249	250	251	252	253	254	255	256	257	258	259	260	261	262	263	264	
265	266	267	268	269	270	271	272	273	274	275	276	277	278	279	280	251	251	251	251	251	281	282	283	284	285	286	287	288	289	290	291	
292	293	294	295	296	297	298	299	300	301	302	303	251	304	305	251	251	251	251	251	251	251	251	251	251	251	251	251	251	251	306	307	
308	309	310	311	312	313	314	315	316	317	318	319	251	320	321	322	323	251	251	251	324	325	326	327	328	251	251	329	330	331	251	332	
333	334	335	336	337	338	339	340	341	342	343	344	345	346	347	348	349	350	351	352	353	354	355	356	357	358	359	360	361	362	363	364	
365	366	367	368	369	370	371	372	373	374	375	376	377	378	379	380	381	382	383	384	385	386	387	388	389	390	391	392	393	394	395	396	
#Tile_Matrix_End
#Objects
ObjCount
37
ObjID	TypeID	PosX	PosY	Width	Height	PosXCollide	PosYCollide	WidthCollide	HeightCollide
0	1	688	377	16	21	680	387	16	21
3	5	133	145	14	19	126	154	14	19
4	5	370	165	14	19	363	174	14	19
5	5	581	187	14	19	574	196	14	19
6	5	577	59	14	19	570	68	14	19
7	5	711	92	14	19	704	101	14	19
8	5	685	47	14	19	678	56	14	19
9	5	635	97	14	19	628	106	14	19
10	5	541	98	14	19	534	107	14	19
11	5	488	91	14	19	481	100	14	19
12	5	409	86	14	19	402	95	14	19
13	5	389	76	14	19	382	85	14	19
14	5	353	72	14	19	346	81	14	19
15	5	323	78	14	19	316	87	14	19
16	5	299	80	14	19	292	89	14	19
17	5	201	82	14	19	194	91	14	19
18	5	129	80	14	19	122	89	14	19
19	5	108	126	14	19	101	135	14	19
20	5	181	205	14	19	174	214	14	19
21	5	269	254	14	19	262	263	14	19
24	5	432	328	14	19	425	337	14	19
25	5	497	303	14	19	490	312	14	19
26	5	568	288	14	19	561	297	14	19
27	5	586	302	14	19	579	311	14	19
28	5	671	316	14	19	664	325	14	19
29	5	710	325	14	19	703	334	14	19
30	5	827	315	14	19	820	324	14	19
31	5	877	346	14	19	870	355	14	19
32	5	860	471	14	19	853	480	14	19
33	5	831	462	14	19	824	471	14	19
34	5	814	431	14	19	807	440	14	19
35	5	818	328	14	19	811	337	14	19
36	5	829	160	14	19	822	169	14	19
37	5	873	191	14	19	866	200	14	19
38	5	914	128	14	19	907	137	14	19
39	5	895	122	14	19	888	131	14	19
42	6	99	427	15	16	92	435	15	16
#Objects_End
#Quadtree_Collision
NodeCount
45
NodeID	PosX	PosY	Width	Height	ObjectsCount	ObjectIDs
0	0	1024	1024	1024	0
1	0	1024	512	512	0
2	512	1024	512	512	0
3	0	512	512	512	0
13	0	512	256	256	0
53	0	512	128	128	1	42
54	128	512	128	128	0
55	0	384	128	128	0
56	128	384	128	128	0
14	256	512	256	256	0
57	256	512	128	128	0
58	384	512	128	128	0
59	256	384	128	128	1	21
60	384	384	128	128	2	24	25
15	0	256	256	256	0
61	0	256	128	128	2	3	19
62	128	256	128	128	2	3	20
63	0	128	128	128	2	18	19
64	128	128	128	128	2	17	18
16	256	256	256	256	0
65	256	256	128	128	2	4	21
66	384	256	128	128	0
67	256	128	128	128	4	13	14	15	16
68	384	128	128	128	3	11	12	13
4	512	512	512	512	0
17	512	512	256	256	0
69	512	512	128	128	0
70	640	512	128	128	1	0
71	512	384	128	128	2	26	27
72	640	384	128	128	3	0	28	29
18	768	512	256	256	0
73	768	512	128	128	3	32	33	34
74	896	512	128	128	0
75	768	384	128	128	3	30	31	35
76	896	384	128	128	0
19	512	256	256	256	0
77	512	256	128	128	1	5
78	640	256	128	128	0
79	512	128	128	128	3	6	9	10
80	640	128	128	128	3	7	8	9
20	768	256	256	256	0
81	768	256	128	128	3	36	37	39
82	896	256	128	128	2	38	39
83	768	128	128	128	1	39
84	896	128	128	128	2	38	39
#Quadtree_Collision_End
#Camera_Path_Point
0
#Camera_Path_Point_End
